<?xml version="1.0"?>
<opencv_storage>
<cameraMatrix type_id="opencv-matrix">
  <rows>3</rows>
  <cols>3</cols>
  <dt>d</dt>
  <data>
    5.4575437463996730e+02 0. 3.0614438620603983e+02 0.
    5.4634176901617366e+02 2.5582417231469827e+02 0. 0. 1.</data></cameraMatrix>
<distCoeffs type_id="opencv-matrix">
  <rows>1</rows>
  <cols>5</cols>
  <dt>d</dt>
  <data>
    -7.1422634247559888e-02 1.6309827672730282e-01
    6.1740428597036349e-04 -1.2205637158433319e-03
    -1.2492108340379550e-01</data></distCoeffs>
</opencv_storage>
